0x1	0	1	0	100
0x2	0	1	0	100
0x3	0	1	0	100
0x4	0	1	0	100
0x5	0	1	0	100
0x6	0	1	0	100
0x8	0	1	0	100
0x9	0	1	0	100
0xc	0	1	0	100
0x10	0	1	0	100
0x11	0	1	0	100
0x12	0	1	0	100
0x13	0	1	0	100
0x14	0	1	0	100
0x15	0	1	0	100
0x16	0	1	0	100
0x17	0	1	0	100
0x18	0	1	0	100
0x19	0	1	0	100
0x1a	0	1	0	100
0x1b	0	1	0	100
0x1c	0	1	0	100
0x20	0	1	0	100
0x21	0	1	0	100
0x30	0	1	0	100
0x40	0	1	0	100
0x41	0	1	0	100
0x42	0	1	0	100
0x43	0	1	0	100
0x44	0	1	0	100
0x45	0	1	0	100
0x46	0	1	0	100
0x47	0	1	0	100
0x48	0	1	0	100
0x49	0	1	0	100
0x4a	0	1	0	100
0x4b	0	1	0	100
0x4c	0	1	0	100
0x50	0	1	0	100
0x51	0	1	0	100
0x53	0	1	0	100
0x60	0	1	0	100
0x61	0	1	0	100
0x62	0	1	0	100
0x63	0	1	0	100
0x64	0	1	0	100
0x65	0	1	0	100
0x66	0	1	0	100
0x67	0	1	0	100
0x68	0	1	0	100
0x70	0	1	0	100
0x71	0	1	0	100
0x72	0	1	0	100
0x73	0	1	0	100
0x74	0	1	0	100
0x75	0	1	0	100
0x76	0	1	0	100
0x77	0	1	0	100
0x78	0	1	0	100
0x7a	0	1	0	100
0x7b	0	1	0	100
0x7c	0	1	0	100
0x80	0	1	0	100
0x81	0	1	0	100
0x82	0	1	0	100
0x83	0	1	0	100
0x84	0	1	0	100
0x85	0	1	0	100
0x86	0	1	0	100
0x90	0	1	0	100
0x91	0	1	0	100
0x92	0	1	0	100
0xa0	0	1	0	100
0xa1	0	1	0	100
0xa2	0	1	0	100
0xa3	0	1	0	100
0xa4	0	1	0	100
0xa5	0	1	0	100
0xa6	0	1	0	100
0xa7	0	1	0	100
0xa8	0	1	0	100
0x1001	0	1	0	100
0x1002	0	1	0	100
0x1003	0	1	0	100
0x1004	0	1	0	100
0x1005	0	1	0	100
0x1006	0	1	0	100
0x1007	0	1	0	100
0x1008	0	1	0	100
0x1009	0	1	0	100
0x100a	0	1	0	100
0x100b	0	1	0	100
0x100c	0	1	0	100
0x100d	0	1	0	100
0x100e	0	1	0	100
0x100f	0	1	0	100
0x1010	0	1	0	100
0x1011	0	1	0	100
0x1012	0	1	0	100
0x1013	0	1	0	100
0x1014	0	1	0	100
0x1015	0	1	0	100
0x1016	0	1	0	100
0x1017	0	1	0	100
0x1018	0	1	0	100
0x1019	0	1	0	100
0x2001	0	1	0	100
0x2002	60000	1	60	100
0x2004	30000	1	30	100
0x2006	0	1	0	100
0x2007	0	1	0	100
0x2008	0	1	0	100
0x2009	0	1	0	100
0x200a	120000	1	120	100
0x200b	0	1	0	100
0x200c	0	1	0	100
0x200e	0	1	0	100
0x2104	1000	1	1	100
0x2107	3000	1	3	100
0x2108	1000	1	1	100
0x220c	7000	1	7	100
0x3001	40000	1	40	100
0x3002	23000	1	23	100
0x3003	96000	1	96	100
0x3004	87000	1	87	100
0x3005	37000	1	37	100
0x3006	0	1	0	100
0x3007	0	1	0	100
0x3008	15000	1	15	100
0x3009	15000	1	15	100
0x300a	0	1	0	100
0x300b	0	1	0	100
0x300c	0	1	0	100
0x300d	0	1	0	100
0x300e	0	1	0	100
0x300f	0	1	0	100
0x3010	47000	1	47	100
0x3011	107000	1	107	100
0x3014	0	1	0	100
0x3015	0	1	0	100
0x3016	0	1	0	100
0x3017	0	1	0	100
0x3018	0	1	0	100
0x4001	8000	1	8	100
0x4002	59000	1	59	100
0x4003	41000	1	41	100
0x4004	6000	1	6	100
0x4005	139000	1	139	100
0x4006	9000	1	9	100
0x4007	32000	1	32	100
0x4008	147000	1	147	100
0x4009	45000	1	45	100
0x400d	20000	1	20	100
0x400e	11000	1	11	100
0x400f	28000	1	28	100
0x4010	16000	1	16	100
0x4011	8055000	1	8055	100
0x4012	10000	1	10	100
0x4013	4000	1	4	100
0x4014	1072000	1	1072	100
0x4015	10364000	1	10364	100
0x4016	5000	1	5	100
0x4017	1000	1	1	100
0x4018	18000	1	18	100
0x4019	1831000	1	1831	100
0x401a	4000	1	4	100
0x401b	0	1	0	100
0x401c	20000	1	20	100
0x401d	51000	1	51	100
0x401e	953000	1	953	100
0x401f	11000	1	11	100
0x4020	3000	1	3	100
0x4021	0	1	0	100
0x4022	23000	1	23	100
0x4023	20000	1	20	100
0x4024	1369000	1	1369	100
0x4025	515000	1	515	100
0x4026	1140000	1	1140	100
0x4027	230000	1	230	100
0x4028	942000	1	942	100
0x4029	193000	1	193	100
0x402a	1132000	1	1132	100
0x402b	113000	1	113	100
0x402c	352000	1	352	100
0x402d	116000	1	116	100
0x402e	70000	1	70	100
0x402f	518000	1	518	100
0x4030	492000	1	492	100
0x4031	414000	1	414	100
0x4032	5000	1	5	100
0x4033	8000	1	8	100
0x4034	434000	1	434	100
0x4035	4000	1	4	100
0x4036	10000	1	10	100
0x4037	9000	1	9	100
0x4038	30000	1	30	100
0x4039	25000	1	25	100
0x403a	0	1	0	100
0x403b	0	1	0	100
0x403c	6350000	1	6350	100
0x403d	7000	1	7	100
0x403e	42000	1	42	100
0x403f	30000	1	30	100
0x4040	41000	1	41	100
0x4041	44000	1	44	100
0x4042	18000	1	18	100
0x4043	6000	1	6	100
0x4044	11000	1	11	100
0x4045	32000	1	32	100
0x4046	32000	1	32	100
0x4047	10000	1	10	100
0x4048	11000	1	11	100
0x4049	12000	1	12	100
0x404a	15000	1	15	100
0x404b	16000	1	16	100
0x404c	28000	1	28	100
0x404d	8000	1	8	100
0x404e	0	1	0	100
0x404f	18000	1	18	100
0x4050	1000	1	1	100
0x4051	6000	1	6	100
0x4052	169000	1	169	100
0x4053	178000	1	178	100
0x4054	1180000	1	1180	100
0x4055	825000	1	825	100
0x4056	1000	1	1	100
0x4057	13000	1	13	100
0x4058	10508000	1	10508	100
0x4059	9000	1	9	100
0x405a	99000	1	99	100
0x405b	10000	1	10	100
0x405c	21216000	1	21216	100
0x405d	6000	1	6	100
0x405e	27000	1	27	100
0x405f	10000	1	10	100
0x4060	0	1	0	100
0x4061	0	1	0	100
0x4062	104000	1	104	100
0x4063	35000	1	35	100
0x4064	25000	1	25	100
0x4065	7000	1	7	100
0x4066	15598000	1	15598	100
0x4067	5000	1	5	100
0x4068	7000	1	7	100
0x4069	10000	1	10	100
0x406a	126000	1	126	100
0x406b	110000	1	110	100
0x406c	36000	1	36	100
0x406d	55000	1	55	100
0x406e	18000	1	18	100
0x406f	20131000	1	20131	100
0x4070	20008000	1	20008	100
0x4071	24643000	1	24643	100
0x4072	16254000	1	16254	100
0x4073	5276000	1	5276	100
0x4074	2924000	1	2924	100
0x4075	12000	1	12	100
0x4076	10000	1	10	100
0x4077	7000	1	7	100
0x4078	17000	1	17	100
0x4079	13000	1	13	100
0x407a	126000	1	126	100
0x407b	66000	1	66	100
0x407c	9000	1	9	100
0x407d	0	1	0	100
0x407e	314000	1	314	100
0x407f	0	1	0	100
0x4080	98000	1	98	100
0x4081	18000	1	18	100
0x4082	20000	1	20	100
0x4083	537000	1	537	100
0x4084	182000	1	182	100
0x4085	9000	1	9	100
0x4086	248000	1	248	100
0x4087	317000	1	317	100
0x4088	36000	1	36	100
0x4089	80000	1	80	100
0x408a	341000	1	341	100
0x408b	4000	1	4	100
0x408c	8000	1	8	100
0x408d	239000	1	239	100
0x408e	166000	1	166	100
0x408f	228000	1	228	100
0x4090	25000	1	25	100
0x4091	6000	1	6	100
0x4092	98000	1	98	100
0x4093	166000	1	166	100
0x4094	14000	1	14	100
0x4095	1222000	1	1222	100
0x4096	1000	1	1	100
0x4097	141000	1	141	100
0x4098	187000	1	187	100
0x4099	24000	1	24	100
0x409a	13000	1	13	100
0x409b	19000	1	19	100
0x409c	82000	1	82	100
0x409d	40000	1	40	100
0x409e	317000	1	317	100
0x409f	2000	1	2	100
0x40a0	136000	1	136	100
0x40a1	36000	1	36	100
0x40a2	11000	1	11	100
0x40a3	148000	1	148	100
0x40a4	14000	1	14	100
0x40a5	51000	1	51	100
0x40a6	29000	1	29	100
0x40ac	4000	1	4	100
0x40ad	15000	1	15	100
0x40ae	3454000	1	3454	100
0x40af	1378000	1	1378	100
0x40b0	5000	1	5	100
0x40b1	19000	1	19	100
0x40b2	7000	1	7	100
0x40b3	8000	1	8	100
0x40b4	11000	1	11	100
0x40b5	11000	1	11	100
0x40b6	3000	1	3	100
0x40b7	30000	1	30	100
0x40b8	11000	1	11	100
0x40b9	0	1	0	100
0x40ba	0	1	0	100
0x40bb	95000	1	95	100
0x40bc	15000	1	15	100
0x40bd	26000	1	26	100
0x40be	75000	1	75	100
0x40bf	0	1	0	100
0x40c0	311000	1	311	100
0x40c1	12000	1	12	100
0x40c2	60211000	1	60211	100
0x40c3	46000	1	46	100
0x40c4	11000	1	11	100
0x40c5	0	1	0	100
0x40c6	194000	1	194	100
0x40c7	0	1	0	100
0x40c8	0	1	0	100
0x40c9	0	1	0	100
0x40ca	20000	1	20	100
0x40cb	16000	1	16	100
0x40cc	10000	1	10	100
0x40cd	17000	1	17	100
0x40ce	12000	1	12	100
0x40cf	3000	1	3	100
0x40d0	264000	1	264	100
0x40d1	0	1	0	100
0x40d2	0	1	0	100
0x40d3	19000	1	19	100
0x40d4	14000	1	14	100
0x40d5	0	1	0	100
0x40d6	0	1	0	100
0x40d7	2000	1	2	100
0x40d8	1891000	1	1891	100
0x40d9	15000	1	15	100
0x40da	2000	1	2	100
0x40db	34000	1	34	100
0x40dc	32000	1	32	100
0x40dd	0	1	0	100
0x40de	0	1	0	100
0x40df	0	1	0	100
0x40e0	0	1	0	100
0x40e1	14000	1	14	100
0x40e2	0	1	0	100
0x40e3	4000	1	4	100
0x40e4	27000	1	27	100
0x40e5	5596000	1	5596	100
0x40e6	4077000	1	4077	100
0x40e7	29000	1	29	100
0x40e8	5000	1	5	100
0x40e9	0	1	0	100
0x40ea	12000	1	12	100
0x40eb	0	1	0	100
0x40ec	3000	1	3	100
0x40ed	77000	1	77	100
0x40ee	20000	1	20	100
0x40ef	15000	1	15	100
0x40f0	1000	1	1	100
0x40f1	5000	1	5	100
0x40f2	3000	1	3	100
0x40f3	43000	1	43	100
0x40f4	27000	1	27	100
0x40f5	311000	1	311	100
0x40f6	54000	1	54	100
0x40f7	10000	1	10	100
0x40f8	70000	1	70	100
0x40f9	9000	1	9	100
0x40fa	43000	1	43	100
0x40fb	30000	1	30	100
0x40fc	13000	1	13	100
0x40fd	133000	1	133	100
0x40fe	253000	1	253	100
0x40ff	184000	1	184	100
0x4100	302000	1	302	100
0x4101	920000	1	920	100
0x4102	18000	1	18	100
0x4103	14000	1	14	100
0x4104	389000	1	389	100
0x4105	447000	1	447	100
0x4106	876000	1	876	100
0x4107	19000	1	19	100
0x4108	38000	1	38	100
0x4109	28000	1	28	100
0x410a	9000	1	9	100
0x410b	1000	1	1	100
0x410c	9000	1	9	100
0x410d	3000	1	3	100
0x410e	2000	1	2	100
0x410f	4000	1	4	100
0x4110	15000	1	15	100
0x4111	23601000	1	23601	100
0x4112	15000	1	15	100
0x4113	3000	1	3	100
0x4114	0	1	0	100
0x4115	1000	1	1	100
0x4116	13000	1	13	100
0x4117	48000	1	48	100
0x4118	32420000	1	32420	100
0x4119	32834000	1	32834	100
0x411a	19750000	1	19750	100
0x411b	1240000	1	1240	100
0x411c	6000	1	6	100
0x411d	25000	1	25	100
0x411e	55000	1	55	100
0x411f	17000	1	17	100
0x4120	7000	1	7	100
0x4121	9000	1	9	100
0x4122	24000	1	24	100
0x4123	15000	1	15	100
0x4124	28000	1	28	100
0x4125	0	1	0	100
0x4126	0	1	0	100
0x4127	0	1	0	100
0x4128	6000	1	6	100
0x4129	3000	1	3	100
0x412a	12000	1	12	100
0x412b	1000	1	1	100
0x412c	10000	1	10	100
0x412d	11000	1	11	100
0x412e	5557000	1	5557	100
0x412f	3494000	1	3494	100
0x4130	13000	1	13	100
0x4131	41000	1	41	100
0x4132	88000	1	88	100
0x4133	27000	1	27	100
0x4134	161000	1	161	100
0x4135	127000	1	127	100
0x4136	260000	1	260	100
0x4137	15000	1	15	100
0x4138	13000	1	13	100
0x4139	8000	1	8	100
0x413a	170000	1	170	100
0x413b	153000	1	153	100
0x413c	25000	1	25	100
0x413d	20000	1	20	100
0x413e	0	1	0	100
0x413f	2353000	1	2353	100
0x4140	2738000	1	2738	100
0x4141	3652000	1	3652	100
0x4142	31000	1	31	100
0x4143	13000	1	13	100
0x4144	2000	1	2	100
0x4145	6000	1	6	100
0x4146	7000	1	7	100
0x4147	8000	1	8	100
0x4148	0	1	0	100
0x4149	0	1	0	100
0x414a	15000	1	15	100
0x414b	6000	1	6	100
0x414c	0	1	0	100
0x414d	6000	1	6	100
0x414e	10000	1	10	100
0x414f	3000	1	3	100
0x4150	17000	1	17	100
0x4151	8000	1	8	100
0x4152	15000	1	15	100
0x4153	55000	1	55	100
0x4154	5000	1	5	100
0x4155	37000	1	37	100
0x4156	52000	1	52	100
0x4157	52000	1	52	100
0x4158	1000	1	1	100
0x4159	16000	1	16	100
0x415a	17000	1	17	100
0x415b	0	1	0	100
0x415c	133000	1	133	100
0x415d	7000	1	7	100
0x415e	3000	1	3	100
0x415f	5000	1	5	100
0x4160	4000	1	4	100
0x4161	11000	1	11	100
0x4162	2000	1	2	100
0x4163	72000	1	72	100
0x4164	23000	1	23	100
0x4165	6000	1	6	100
0x4166	3000	1	3	100
0x4167	860000	1	860	100
0x4168	19000	1	19	100
0x4169	1000	1	1	100
0x416a	1000	1	1	100
0x416b	47000	1	47	100
0x416c	7000	1	7	100
0x416d	3000	1	3	100
0x416e	69000	1	69	100
0x416f	10000	1	10	100
0x4170	9000	1	9	100
0x4171	6000	1	6	100
0x4172	92000	1	92	100
0x4173	0	1	0	100
0x4174	8000	1	8	100
0x4175	2489000	1	2489	100
0x4176	0	1	0	100
0x4177	7000	1	7	100
0x4178	80000	1	80	100
0x4179	0	1	0	100
0x417a	45000	1	45	100
0x417b	2317000	1	2317	100
0x417c	157000	1	157	100
0x417d	47000	1	47	100
0x417e	23000	1	23	100
0x417f	16000	1	16	100
0x4180	18000	1	18	100
0x4181	3000	1	3	100
0x4182	13000	1	13	100
0x4183	40000	1	40	100
0x4184	5000	1	5	100
0x4185	0	1	0	100
0x4186	480000	1	480	100
0x4187	120000	1	120	100
0x4188	815000	1	815	100
0x4189	0	1	0	100
0x418a	10000	1	10	100
0x418b	13000	1	13	100
0x418c	14000	1	14	100
0x418d	5000	1	5	100
0x418e	8000	1	8	100
0x418f	7000	1	7	100
0x4190	14000	1	14	100
0x4191	2000	1	2	100
0x4192	0	1	0	100
0x4193	6000	1	6	100
0x4194	147000	1	147	100
0x4195	386000	1	386	100
0x4196	5302000	1	5302	100
0x4197	6911000	1	6911	100
0x4198	6790000	1	6790	100
0x4199	3000	1	3	100
0x419a	9000	1	9	100
0x419b	11000	1	11	100
0x419c	28000	1	28	100
0x419d	20000	1	20	100
0x419e	22000	1	22	100
0x419f	2000	1	2	100
0x41a0	0	1	0	100
0x41a1	4000	1	4	100
0x41a2	5000	1	5	100
0x41a3	11000	1	11	100
0x41a4	0	1	0	100
0x41a5	0	1	0	100
0x41a6	0	1	0	100
0x41a7	0	1	0	100
0x41a8	29000	1	29	100
0x41a9	19000	1	19	100
0x41aa	9000	1	9	100
0x41ab	10000	1	10	100
0x41ac	21000	1	21	100
0x41ad	108000	1	108	100
0x41ae	43000	1	43	100
0x41af	12000	1	12	100
0x41b0	29000	1	29	100
0x41b1	13000	1	13	100
0x41b2	30000	1	30	100
0x41b3	81000	1	81	100
0x41b4	5000	1	5	100
0x41b5	16000	1	16	100
0x41b6	5000	1	5	100
0x41b7	1000	1	1	100
0x41b8	3000	1	3	100
0x41b9	0	1	0	100
0x41ba	0	1	0	100
0x41bb	17000	1	17	100
0x41bc	25000	1	25	100
0x41bd	14000	1	14	100
0x41be	2000	1	2	100
0x41bf	14000	1	14	100
0x41c0	264000	1	264	100
0x41c1	216000	1	216	100
0x41c2	460000	1	460	100
0x41c3	115000	1	115	100
0x41c4	32000	1	32	100
0x41c5	0	1	0	100
0x41c6	0	1	0	100
0x41c7	1000	1	1	100
0x5001	0	1	0	100
0x5002	0	1	0	100
0x5003	0	1	0	100
0x5004	0	1	0	100
0x5005	0	1	0	100
0x5006	0	1	0	100
0x5007	0	1	0	100
0x5008	0	1	0	100
0x5009	0	1	0	100
0x500a	0	1	0	100
0x500b	0	1	0	100
0x500c	0	1	0	100
0x500d	0	1	0	100
0x500e	0	1	0	100
0x500f	0	1	0	100
0x5010	0	1	0	100
0x5011	0	1	0	100
0x5012	0	1	0	100
0x5013	0	1	0	100
0x5014	0	1	0	100
0x5015	0	1	0	100
0x5016	0	1	0	100
0x5017	0	1	0	100
0x5018	0	1	0	100
0x5019	0	1	0	100
0x8004	0	1	0	100
0x8005	0	1	0	100
0x8006	0	1	0	100
0x8009	0	1	0	100
0x800a	0	1	0	100
0x800b	0	1	0	100
0x800c	0	1	0	100
0x800d	0	1	0	100
0x800e	0	1	0	100
0x800f	0	1	0	100
0x8010	0	1	0	100
0x8011	0	1	0	100
0x8012	0	1	0	100
0x8013	0	1	0	100
0x8014	0	1	0	100
0x8015	0	1	0	100
0x8016	0	1	0	100
0x8017	0	1	0	100
0x8018	0	1	0	100
0x8019	0	1	0	100
0x801a	0	1	0	100
0x801b	0	1	0	100
0x801c	0	1	0	100
0x801d	0	1	0	100
0x801e	0	1	0	100
0x801f	0	1	0	100
0x8020	0	1	0	100
0x8021	0	1	0	100
0x8022	0	1	0	100
0x8023	0	1	0	100
0x8024	0	1	0	100
0x8025	0	1	0	100
0x8026	0	1	0	100
0x8027	0	1	0	100
0x8028	0	1	0	100
0x8029	0	1	0	100
0x802a	0	1	0	100
0x802b	0	1	0	100
0x802c	0	1	0	100
0x802d	0	1	0	100
0x802e	0	1	0	100
0x802f	0	1	0	100
0x8030	0	1	0	100
0x8031	0	1	0	100
0x8032	0	1	0	100
0x8033	0	1	0	100
0x8034	0	1	0	100
0x8035	0	1	0	100
0x8101	0	1	0	100
0x8102	0	1	0	100
0x8103	0	1	0	100
0x8104	0	1	0	100
0x8105	0	1	0	100
0x8106	0	1	0	100
0x810b	0	1	0	100
0x9001	0	1	0	100
0x9002	0	1	0	100
0x9003	0	1	0	100
0x9004	0	1	0	100
0x9005	0	1	0	100
0x9006	0	1	0	100
0x9007	0	1	0	100
0x9008	0	1	0	100
0x9009	0	1	0	100
0x900a	0	1	0	100
0x900b	0	1	0	100
0x900c	0	1	0	100
0x900d	0	1	0	100
0x900e	0	1	0	100
0x900f	0	1	0	100
0x9010	0	1	0	100
0x9011	0	1	0	100
0x9012	0	1	0	100
0x9013	0	1	0	100
0x9014	0	1	0	100
0x9015	0	1	0	100
0x9101	0	1	0	100
0x9102	0	1	0	100
0x9201	0	1	0	100
0xa001	0	1	0	100
0xa002	0	1	0	100
0xa004	0	1	0	100
0xa009	0	1	0	100
0xa00a	0	1	0	100
0xa00b	0	1	0	100
0xa00d	0	1	0	100
0xa00e	0	1	0	100
0xa00f	0	1	0	100
0xa011	0	1	0	100
0xa012	0	1	0	100
0xa014	0	1	0	100
0xa015	0	1	0	100
0xa019	0	1	0	100
0xa01a	0	1	0	100
0xa01b	0	1	0	100
0xa01c	0	1	0	100
0xa01e	0	1	0	100
0xa01f	0	1	0	100
0xa020	0	1	0	100
0xa021	0	1	0	100
0xa022	0	1	0	100
0xb001	0	1	0	100
0xb002	0	1	0	100
0xb003	0	1	0	100
0xb004	0	1	0	100
0xb005	0	1	0	100
0xb006	0	1	0	100
0xb007	0	1	0	100
0xb008	0	1	0	100
0xb009	0	1	0	100
0xb00a	0	1	0	100
0xf001	0	1	0	100
0xf002	0	1	0	100
0xf003	0	1	0	100
0xf005	0	1	0	100
0xf006	0	1	0	100
0xf007	0	1	0	100
0xf008	0	1	0	100
0xf009	0	1	0	100
0xf00b	0	1	0	100
0xf00c	0	1	0	100
0xf00e	0	1	0	100
0xf00f	0	1	0	100
0xf010	0	1	0	100
0xf011	0	1	0	100
0xf012	0	1	0	100
0xf013	0	1	0	100
0xf014	0	1	0	100
0xf015	0	1	0	100
0xf016	0	1	0	100
0xf017	0	1	0	100
0xf100	0	1	0	100
0xf101	0	1	0	100
0xf102	0	1	0	100
0xf103	0	1	0	100
0xf104	0	1	0	100
0xf105	0	1	0	100
0xf106	0	1	0	100
0xf107	0	1	0	100
0xf108	0	1	0	100
0xf10a	0	1	0	100
0xf10b	0	1	0	100
0xf10c	0	1	0	100
0xf10d	0	1	0	100
0xf10e	0	1	0	100
0xf10f	0	1	0	100
0xf110	0	1	0	100
0xf111	0	1	0	100
0xf112	0	1	0	100
0xf113	0	1	0	100
0xf114	0	1	0	100
0xf115	0	1	0	100
0xf116	0	1	0	100
0xf118	0	1	0	100
0xf11b	0	1	0	100
0xf11c	0	1	0	100
0xf11d	0	1	0	100
0xf11e	0	1	0	100
0xf11f	0	1	0	100
0xf120	0	1	0	100
0xf121	0	1	0	100
0xf122	0	1	0	100
0xf123	0	1	0	100
0xf124	0	1	0	100
0xf126	0	1	0	100
0xf127	0	1	0	100
0xf128	0	1	0	100
0xf129	0	1	0	100
0xf12a	0	1	0	100
0xf12b	0	1	0	100
0xf12c	0	1	0	100
0xf12d	0	1	0	100
0xf12e	0	1	0	100
0xf12f	0	1	0	100
0xf130	0	1	0	100
0xf131	0	1	0	100
0xf132	0	1	0	100
0xf133	0	1	0	100
0xf134	0	1	0	100
0xf135	0	1	0	100
0xf136	0	1	0	100
0xf137	0	1	0	100
0xf138	0	1	0	100
0xf139	0	1	0	100
0xf13a	0	1	0	100
0xf13b	0	1	0	100
0xf13c	0	1	0	100
0xf13d	0	1	0	100
0xf13e	0	1	0	100
0xf13f	0	1	0	100
0xf140	0	1	0	100
0xf141	0	1	0	100
0xf142	0	1	0	100
0xf143	0	1	0	100
0xf144	0	1	0	100
0xf145	0	1	0	100
0xf148	0	1	0	100
0xf149	0	1	0	100
0xf14a	0	1	0	100
0xf14b	0	1	0	100
0xf14c	0	1	0	100
0xf14d	0	1	0	100
0xf14e	0	1	0	100
0xf14f	0	1	0	100
0xf150	0	1	0	100
0xf151	0	1	0	100
0xf152	0	1	0	100
0xf153	0	1	0	100
0xf154	0	1	0	100
0xf155	0	1	0	100
0xf156	0	1	0	100
0xf157	0	1	0	100
0xf158	0	1	0	100
0xf159	0	1	0	100
0xf15a	0	1	0	100
0xf15b	0	1	0	100
0xf15c	0	1	0	100
0xf15d	0	1	0	100
0xf15e	0	1	0	100
0xf15f	0	1	0	100
0xf160	0	1	0	100
0xf161	0	1	0	100
0xf162	0	1	0	100
0xf163	0	1	0	100
0xf164	0	1	0	100
0xf201	0	1	0	100
0xf202	0	1	0	100
0xf203	0	1	0	100
0xf204	0	1	0	100
0xf205	0	1	0	100
0xf206	0	1	0	100
0xf207	0	1	0	100
0xf208	0	1	0	100
0x10010	0	1	0	100
0x10011	0	1	0	100
0x10012	0	1	0	100
0x10013	0	1	0	100
0x10014	0	1	0	100
0x10015	0	1	0	100
0x10016	0	1	0	100
0x10017	0	1	0	100
0x10019	0	1	0	100
0x1001a	0	1	0	100
0x1001b	0	1	0	100
0x1001c	0	1	0	100
0x1001e	0	1	0	100
0x1001f	0	1	0	100
0x10020	0	1	0	100
0x10021	0	1	0	100
0x10022	0	1	0	100
0x10023	0	1	0	100
0x10024	0	1	0	100
0x10025	0	1	0	100
0x10026	0	1	0	100
0x10027	0	1	0	100
0x10028	0	1	0	100
0x10029	0	1	0	100
0x1002b	0	1	0	100
0x1002c	0	1	0	100
0x1002d	0	1	0	100
0x1002e	0	1	0	100
0x10030	0	1	0	100
0x10031	0	1	0	100
0x10032	0	1	0	100
0x10033	0	1	0	100
0x10034	0	1	0	100
0x10035	0	1	0	100
0x10036	0	1	0	100
0x10037	0	1	0	100
0x10038	0	1	0	100
0x10039	0	1	0	100
0x1003a	0	1	0	100
0x1003b	0	1	0	100
0x1003c	0	1	0	100
0x1003d	0	1	0	100
0x1003e	0	1	0	100
0x1003f	0	1	0	100
0x10040	0	1	0	100
0x10041	0	1	0	100
0x10050	0	1	0	100
0x10070	0	1	0	100
0x10071	0	1	0	100
0x10090	0	1	0	100
0x10091	0	1	0	100
0x10092	0	1	0	100
0x100b0	0	1	0	100
0x100b1	0	1	0	100
0x100b2	0	1	0	100
0x100d0	0	1	0	100
0x100d1	0	1	0	100
0x100d2	0	1	0	100
0x100f0	0	1	0	100
0x10110	0	1	0	100
0x20010	0	1	0	100
0x20011	0	1	0	100
0x20012	0	1	0	100
0x20013	0	1	0	100
0x20015	0	1	0	100
0x20016	0	1	0	100
0x20017	0	1	0	100
0x20018	0	1	0	100
0x20019	0	1	0	100
0x2001a	0	1	0	100
0x2001b	0	1	0	100
0x2001c	515000	1	515	100
0x2001d	101000	1	101	100
0x2001e	0	1	0	100
0x2001f	1000	1	1	100
0x20020	2000	1	2	100
0x20021	0	1	0	100
0x20022	0	1	0	100
0x20023	0	1	0	100
0x20024	0	1	0	100
0x20026	0	1	0	100
0x20027	0	1	0	100
0x20028	2271000	1	2271	100
0x20029	137000	1	137	100
0x2002a	401000	1	401	100
0x2002b	23000	1	23	100
0x2002c	136000	1	136	100
0x2002d	12000	1	12	100
0x2002e	28000	1	28	100
0x2002f	2000	1	2	100
0x20030	36000	1	36	100
0x20031	16000	1	16	100
0x20032	5000	1	5	100
0x20033	2555000	1	2555	100
0x20034	450000	1	450	100
0x20035	130000	1	130	100
0x20036	25000	1	25	100
0x20037	19000	1	19	100
0x20038	8000	1	8	100
0x20039	3000	1	3	100
0x2003a	2516000	1	2516	100
0x2003b	429000	1	429	100
0x2003c	176000	1	176	100
0x2003d	28000	1	28	100
0x2003e	14000	1	14	100
0x2003f	4000	1	4	100
0x20040	0	1	0	100
0x20041	29000	1	29	100
0x20042	5000	1	5	100
0x20043	0	1	0	100
0x20044	1000	1	1	100
0x20045	2215000	1	2215	100
0x20046	352000	1	352	100
0x20047	129000	1	129	100
0x20048	23000	1	23	100
0x20049	6000	1	6	100
0x2004a	4000	1	4	100
0x2004b	3000	1	3	100
0x2004c	0	1	0	100
0x2004d	0	1	0	100
0x2004e	0	1	0	100
0x2004f	0	1	0	100
0x20050	0	1	0	100
0x20051	0	1	0	100
0x20052	0	1	0	100
0x20053	1000	1	1	100
0x20054	0	1	0	100
0x20055	21000	1	21	100
0x20056	0	1	0	100
0x20057	3000	1	3	100
0x20058	0	1	0	100
0x20059	5000	1	5	100
0x2005a	0	1	0	100
0x2005b	0	1	0	100
0x2005c	0	1	0	100
0x2005d	24000	1	24	100
0x2005e	0	1	0	100
0x2005f	0	1	0	100
0x20060	0	1	0	100
0x20061	0	1	0	100
0x20062	0	1	0	100
0x20063	0	1	0	100
0x20064	0	1	0	100
0x20065	0	1	0	100
0x20066	0	1	0	100
0x20067	0	1	0	100
0x20068	0	1	0	100
0x20069	0	1	0	100
0x20070	0	1	0	100
0x20071	4000	1	4	100
0x20072	4000	1	4	100
0x20073	1000	1	1	100
0x20074	6000	1	6	100
0x20075	2000	1	2	100
0x20076	4000	1	4	100
0x20077	1000	1	1	100
0x20078	0	1	0	100
0x20079	2000	1	2	100
0x2007a	1000	1	1	100
0x2007b	3000	1	3	100
0x20080	0	1	0	100
0x20081	340000	1	340	100
0x20082	225000	1	225	100
0x20083	167000	1	167	100
0x20084	115000	1	115	100
0x20085	86000	1	86	100
0x20086	35000	1	35	100
0x20087	7000	1	7	100
0x20088	0	1	0	100
0x20090	0	1	0	100
0x20091	0	1	0	100
0x20092	0	1	0	100
0x20093	0	1	0	100
0x20094	0	1	0	100
0x20095	0	1	0	100
0x200b0	0	1	0	100
0x200b1	0	1	0	100
0x200b2	0	1	0	100
0x200c0	0	1	0	100
0x200d0	0	1	0	100
0x200d1	0	1	0	100
0x200d2	0	1	0	100
0x200d3	0	1	0	100
0x200d4	0	1	0	100
0x200d5	0	1	0	100
0x200d6	0	1	0	100
0x200e0	0	1	0	100
0x200e1	0	1	0	100
0x200e2	0	1	0	100
0x200e3	0	1	0	100
0x200e4	0	1	0	100
0x200e5	0	1	0	100
0x200e6	0	1	0	100
0x200f0	0	1	0	100
0x200f1	0	1	0	100
0x200f2	0	1	0	100
0x200f3	0	1	0	100
0x200f4	0	1	0	100
0x200f5	0	1	0	100
0x200f6	0	1	0	100
0x20100	0	1	0	100
0x20101	0	1	0	100
0x20102	0	1	0	100
0x20103	0	1	0	100
0x20104	0	1	0	100
0x20105	0	1	0	100
0x20106	0	1	0	100
0x20110	0	1	0	100
0x20111	0	1	0	100
0x20112	0	1	0	100
0x20113	0	1	0	100
0x20114	0	1	0	100
0x20115	0	1	0	100
0x20116	0	1	0	100
0x30001	0	1	0	100
0x30002	0	1	0	100
0x30020	0	1	0	100
0x30021	0	1	0	100
0x30022	0	1	0	100
0x30023	0	1	0	100
0x30024	0	1	0	100
0x30030	0	1	0	100
0x30031	0	1	0	100
0x30032	0	1	0	100
0x30033	0	1	0	100
0x30034	0	1	0	100
0x30035	0	1	0	100
0x30036	0	1	0	100
0x30037	0	1	0	100
0x30038	0	1	0	100
0x30039	0	1	0	100
0x3003a	0	1	0	100
0x3003b	0	1	0	100
0x3003c	0	1	0	100
0x3003d	0	1	0	100
0x3003e	0	1	0	100
0x3003f	0	1	0	100
0x30040	0	1	0	100
0x30041	0	1	0	100
0x30042	0	1	0	100
0x30043	0	1	0	100
0x30044	0	1	0	100
0x30080	0	1	0	100
0xf0000	40000	1	40	100
0xf0001	36000	1	36	100
0xf0002	53000	1	53	100
0xf0004	31000	1	31	100
0xf0005	10000	1	10	100
0xf0006	20000	1	20	100
0xf0007	35000	1	35	100
0xf1000	13000	1	13	100
0xf1001	13000	1	13	100
0x100001	0	1	0	100
0x100002	0	1	0	100
0x100003	0	1	0	100
0x100004	0	1	0	100
0x100005	0	1	0	100
0x100006	0	1	0	100
0x100007	0	1	0	100
0x100008	0	1	0	100
0x100009	0	1	0	100
0x10000a	0	1	0	100
0x10000b	0	1	0	100
0x10000c	0	1	0	100
0x10000d	0	1	0	100
0x10000e	0	1	0	100
0x10000f	0	1	0	100
0x100010	0	1	0	100
0x100011	0	1	0	100
0x100012	0	1	0	100
0x100013	0	1	0	100
0x100014	0	1	0	100
0x100015	0	1	0	100
0x100016	0	1	0	100
0x100017	0	1	0	100
0x100018	0	1	0	100
0x100019	0	1	0	100
0x10001a	0	1	0	100
0x10001b	0	1	0	100
0x10001c	0	1	0	100
0x10001d	0	1	0	100
0x10001e	0	1	0	100
0x10001f	0	1	0	100
0x100020	0	1	0	100
0x100021	0	1	0	100
0x100022	0	1	0	100
0x100023	0	1	0	100
0x100024	0	1	0	100
0x100025	0	1	0	100
0x100026	0	1	0	100
0x100027	0	1	0	100
0x100028	0	1	0	100
0x100029	0	1	0	100
0x10002a	0	1	0	100
0x10002b	0	1	0	100
0x10002c	0	1	0	100
0x10002d	0	1	0	100
0x100030	0	1	0	100
0x100031	0	1	0	100
0x100032	0	1	0	100
0x100033	0	1	0	100
0x100034	1000	1	1	100
0x100035	0	1	0	100
0x100036	0	1	0	100
0x100040	0	1	0	100
0x100041	0	1	0	100
0x100042	0	1	0	100
0x100043	0	1	0	100
0x100044	3000	1	3	100
0x100045	0	1	0	100
0x100046	0	1	0	100
0x100047	0	1	0	100
0x100048	0	1	0	100
0x100049	0	1	0	100
0x10004a	0	1	0	100
0x10004b	0	1	0	100
0x10004c	0	1	0	100
0x100060	0	1	0	100
0x100061	0	1	0	100
0x100062	0	1	0	100
0x100063	0	1	0	100
0x100064	0	1	0	100
0x100065	0	1	0	100
0x100066	0	1	0	100
0x100067	0	1	0	100
0x100068	0	1	0	100
0x100069	0	1	0	100
0x10006a	0	1	0	100
0x10006b	0	1	0	100
0x10006c	0	1	0	100
0x10006d	0	1	0	100
0x10006e	0	1	0	100
0x10006f	0	1	0	100
0x100070	0	1	0	100
0x100071	0	1	0	100
0x100072	0	1	0	100
0x100073	0	1	0	100
0x100074	0	1	0	100
0x100075	0	1	0	100
0x100076	0	1	0	100
0x100077	0	1	0	100
0x100078	0	1	0	100
0x100079	0	1	0	100
0x10007a	0	1	0	100
0x10007b	0	1	0	100
0x10007c	0	1	0	100
0x10007d	0	1	0	100
0x10007e	0	1	0	100
0x10007f	0	1	0	100
0x100080	0	1	0	100
0x100081	0	1	0	100
0x100082	0	1	0	100
0x100083	0	1	0	100
0x100084	0	1	0	100
0x100085	0	1	0	100
0x100086	0	1	0	100
0x100087	0	1	0	100
0x100088	0	1	0	100
0x100089	0	1	0	100
0x10008a	0	1	0	100
0x10008b	0	1	0	100
0x10008c	0	1	0	100
0x10008d	0	1	0	100
0x10008e	0	1	0	100
0x10008f	32000	1	32	100
0x100090	0	1	0	100
0x100091	0	1	0	100
0x100092	0	1	0	100
0x100093	0	1	0	100
0x100094	0	1	0	100
0x100096	0	1	0	100
0x100097	0	1	0	100
0x100098	0	1	0	100
0x100099	0	1	0	100
0x10009a	0	1	0	100
0x10009b	0	1	0	100
0x10009c	0	1	0	100
0x10009d	0	1	0	100
0x10009e	0	1	0	100
0x10009f	0	1	0	100
0x1000a0	0	1	0	100
0x1000a1	0	1	0	100
0x1000a2	0	1	0	100
0x1000a3	0	1	0	100
0x1000a4	0	1	0	100
0x1000a5	0	1	0	100
0x1000a6	0	1	0	100
0x1000a7	0	1	0	100
0x1000a8	0	1	0	100
0x1000a9	9000	1	9	100
0x1000aa	8000	1	8	100
0x1000ab	0	1	0	100
0x1000ac	0	1	0	100
0x1000ad	0	1	0	100
0x1000ae	0	1	0	100
0x1000af	0	1	0	100
0x1000c0	0	1	0	100
0x1000c1	0	1	0	100
0x1000d0	0	1	0	100
0x1000d1	0	1	0	100
0x1000e0	0	1	0	100
0x1000e2	0	1	0	100
0x1000e3	0	1	0	100
0x1000e4	0	1	0	100
0x1000e5	0	1	0	100
0x1000e6	0	1	0	100
0x1000e7	0	1	0	100
0x1000e8	0	1	0	100
0x1000f0	0	1	0	100
0x1000f1	0	1	0	100
0x100100	0	1	0	100
0x100101	0	1	0	100
0x100102	0	1	0	100
0x100103	0	1	0	100
0x100104	0	1	0	100
0x100105	0	1	0	100
0x100106	0	1	0	100
0x100107	0	1	0	100
0x100108	0	1	0	100
0x100109	0	1	0	100
0x10010a	0	1	0	100
0x10010b	0	1	0	100
0x10010c	0	1	0	100
0x10010d	0	1	0	100
0x10010e	0	1	0	100
0x10010f	0	1	0	100
0x100110	0	1	0	100
0x100111	0	1	0	100
0x100112	0	1	0	100
0x100113	0	1	0	100
0x100114	0	1	0	100
0x100115	0	1	0	100
0x100116	0	1	0	100
0x100117	0	1	0	100
0x100118	0	1	0	100
0x100119	0	1	0	100
0x100120	0	1	0	100
0x100121	0	1	0	100
0x100122	0	1	0	100
0x100123	0	1	0	100
0x100124	0	1	0	100
0x100125	0	1	0	100
0x100126	0	1	0	100
0x100140	0	1	0	100
0x100141	0	1	0	100
0x100150	0	1	0	100
0x100151	0	1	0	100
0x100152	0	1	0	100
0x100153	0	1	0	100
0x100160	0	1	0	100
0x100161	0	1	0	100
0x100162	0	1	0	100
0x100163	257000	1	257	100
0x100164	0	1	0	100
0x100165	0	1	0	100
0x100166	0	1	0	100
0x100167	121000	1	121	100
0x100168	57000	1	57	100
0x100169	0	1	0	100
0x10016a	0	1	0	100
0x10016b	0	1	0	100
0x10016c	0	1	0	100
0x10016d	0	1	0	100
0x10016e	0	1	0	100
0x10016f	0	1	0	100
0x100170	0	1	0	100
0x100181	0	1	0	100
0x100182	0	1	0	100
0x100183	0	1	0	100
0x100184	0	1	0	100
0x100185	0	1	0	100
0x100186	0	1	0	100
0x100187	0	1	0	100
0x100188	0	1	0	100
0x100189	0	1	0	100
0x10018a	0	1	0	100
0x10018b	0	1	0	100
0x10018c	0	1	0	100
0x10018d	0	1	0	100
0x10018e	0	1	0	100
0x10018f	0	1	0	100
0x100190	0	1	0	100
0x1001a0	0	1	0	100
0x1001a1	0	1	0	100
0x1001a2	0	1	0	100
0x1001c0	0	1	0	100
0x1001c1	0	1	0	100
0x1001c2	0	1	0	100
0x1001e0	0	1	0	100
0x1001e1	0	1	0	100
0x1001f0	0	1	0	100
0x100200	0	1	0	100
0x100202	0	1	0	100
0x100203	0	1	0	100
0x100204	0	1	0	100
0x100205	0	1	0	100
0x100206	0	1	0	100
0x100207	0	1	0	100
0x100210	0	1	0	100
0x100211	0	1	0	100
0x100212	246000	1	246	100
0x100213	0	1	0	100
0x100214	1000	1	1	100
0x100215	0	1	0	100
0x100216	0	1	0	100
0x100217	0	1	0	100
0x100218	0	1	0	100
0x100219	0	1	0	100
0x10021a	0	1	0	100
0x100230	0	1	0	100
0x100231	0	1	0	100
0x100232	0	1	0	100
0x100233	0	1	0	100
0x100234	0	1	0	100
0x100235	0	1	0	100
0x100236	0	1	0	100
0x100237	0	1	0	100
0x100238	0	1	0	100
0x100239	0	1	0	100
0x10023a	0	1	0	100
0x10023b	0	1	0	100
0x100250	0	1	0	100
0x100251	0	1	0	100
0x100252	0	1	0	100
0x100253	0	1	0	100
0x100254	0	1	0	100
0x100270	9000	1	9	100
0x100271	15000	1	15	100
0x100290	0	1	0	100
0x100291	0	1	0	100
0x100292	0	1	0	100
0x100293	0	1	0	100
0x100294	0	1	0	100
0x100295	0	1	0	100
0x100296	0	1	0	100
0x100297	0	1	0	100
0x100298	0	1	0	100
0x100299	0	1	0	100
0x10029a	0	1	0	100
0x10029b	0	1	0	100
0x10029c	0	1	0	100
0x1002b0	0	1	0	100
0x1002b1	0	1	0	100
0x1002b2	0	1	0	100
0x1002b3	0	1	0	100
0x1002b4	0	1	0	100
0x1002b5	0	1	0	100
0x1002d1	0	1	0	100
0x1002d2	0	1	0	100
0x1002d3	0	1	0	100
0x1002f0	0	1	0	100
0x100310	0	1	0	100
0x100311	0	1	0	100
0x100330	0	1	0	100
0x100331	0	1	0	100
0x100332	0	1	0	100
0x100333	0	1	0	100
0x100370	0	1	0	100
0x100371	0	1	0	100
0x100372	0	1	0	100
0x100373	0	1	0	100
0x100374	0	1	0	100
0x100390	0	1	0	100
0x100391	0	1	0	100
0x100392	0	1	0	100
0x100394	0	1	0	100
0x100395	0	1	0	100
0x100396	0	1	0	100
0x100398	0	1	0	100
0x100399	0	1	0	100
0x10039a	0	1	0	100
0x10039b	0	1	0	100
0x10039c	0	1	0	100
0x10039d	0	1	0	100
0x10039e	0	1	0	100
0x10039f	0	1	0	100
0x1003a0	0	1	0	100
0x1003a1	0	1	0	100
0x1003b0	0	1	0	100
0x1003b1	0	1	0	100
0x1003d0	0	1	0	100
0x1003f0	0	1	0	100
0x1003f1	0	1	0	100
0x1003f2	0	1	0	100
0x1003f3	0	1	0	100
0x100410	0	1	0	100
0x100411	0	1	0	100
0x100412	0	1	0	100
0x100430	0	1	0	100
0x100431	0	1	0	100
0x100450	0	1	0	100
0x100470	0	1	0	100
0x100490	0	1	0	100
0x100491	0	1	0	100
0x100492	0	1	0	100
0x100493	0	1	0	100
0x100494	0	1	0	100
0x100495	0	1	0	100
0x100496	0	1	0	100
0x100497	0	1	0	100
0x1004b0	0	1	0	100
0x1004b1	0	1	0	100
0x1004b2	0	1	0	100
0x1004b3	0	1	0	100
0x1004b4	0	1	0	100
0x1004b5	0	1	0	100
0x1004b6	0	1	0	100
0x1004b7	19000	1	19	100
0x1004b8	0	1	0	100
0x1004b9	0	1	0	100
0x1004ba	0	1	0	100
0x1004bb	0	1	0	100
0x1004bc	7000	1	7	100
0x1004bd	0	1	0	100
0x1004be	0	1	0	100
0x1004bf	0	1	0	100
0x1004c0	0	1	0	100
0x1004c1	0	1	0	100
0x1004c2	0	1	0	100
0x1004c3	0	1	0	100
0x1004c4	0	1	0	100
0x1004c5	0	1	0	100
0x1004c6	0	1	0	100
0x1004c7	0	1	0	100
0x1004c8	0	1	0	100
0x1004c9	0	1	0	100
0x1004ca	0	1	0	100
0x1004cb	0	1	0	100
0x1004d0	0	1	0	100
0x1004d1	46000	1	46	100
0x1004d2	27000	1	27	100
0x1004f0	0	1	0	100
0x1004f1	0	1	0	100
0x1004f2	3000	1	3	100
0x1004f3	2000	1	2	100
0x1004f4	0	1	0	100
0x100510	0	1	0	100
0x100511	0	1	0	100
0x100530	0	1	0	100
0x100531	0	1	0	100
0x100532	0	1	0	100
0x100533	0	1	0	100
0x100534	0	1	0	100
0x100535	0	1	0	100
0x100536	0	1	0	100
0x100537	0	1	0	100
0x100538	0	1	0	100
0x100539	0	1	0	100
0x10053a	0	1	0	100
0x10053b	0	1	0	100
0x10053c	0	1	0	100
0x10053d	0	1	0	100
0x10053e	0	1	0	100
0x10053f	0	1	0	100
0x100540	0	1	0	100
0x100541	0	1	0	100
0x100542	0	1	0	100
0x100543	0	1	0	100
0x100580	21000	1	21	100
0x100581	0	1	0	100
0x100582	0	1	0	100
0x100583	4000	1	4	100
0x100584	0	1	0	100
0x100585	0	1	0	100
0x100586	0	1	0	100
0x100587	0	1	0	100
0x100593	0	1	0	100
0x1005a0	14000	1	14	100
0x1005a1	3000	1	3	100
0x1005a2	1000	1	1	100
0x1005a3	6000	1	6	100
0x1005c0	99000	1	99	100
0x1005e0	3000	1	3	100
0x1005e1	0	1	0	100
0x1005e2	0	1	0	100
0x101000	0	1	0	100
0x101001	0	1	0	100
0x101002	0	1	0	100
0x101003	0	1	0	100
0x101004	0	1	0	100
0x102001	0	1	0	100
0x102002	0	1	0	100
0x102003	2000	1	2	100
0x102004	5000	1	5	100
0x102005	2000	1	2	100
0x102006	4000	1	4	100
0x102007	2000	1	2	100
0x102008	5000	1	5	100
0x102009	32000	1	32	100
0x10200a	6000	1	6	100
0x10200b	1000	1	1	100
0x10200c	3000	1	3	100
0x10200d	2000	1	2	100
0x10200e	6000	1	6	100
0x10200f	11000	1	11	100
0x102010	3000	1	3	100
0x102011	0	1	0	100
0x102012	0	1	0	100
0x102013	1000	1	1	100
0x102014	1000	1	1	100
0x102015	1000	1	1	100
0x102016	1000	1	1	100
0x102017	1000	1	1	100
0x102018	1000	1	1	100
0x102019	1000	1	1	100
0x10201a	1000	1	1	100
0x10201b	1000	1	1	100
0x10201c	1000	1	1	100
0x10201d	1000	1	1	100
0x10201e	1000	1	1	100
0x10201f	1000	1	1	100
0x102020	1000	1	1	100
0x102022	0	1	0	100
0x102023	0	1	0	100
0x102024	2000	1	2	100
0x102025	0	1	0	100
0x103001	65000	1	65	100
0x103002	1000	1	1	100
0x103003	0	1	0	100
0x103004	0	1	0	100
0x103005	0	1	0	100
0x103006	0	1	0	100
0x103007	0	1	0	100
0x103008	25000	1	25	100
0x103009	89000	1	89	100
0x10300a	9000	1	9	100
0x10300b	38000	1	38	100
0x10300c	0	1	0	100
0x10300d	0	1	0	100
0x104001	0	1	0	100
0x104002	0	1	0	100
0x104003	0	1	0	100
0x104004	0	1	0	100
0x104005	17000	1	17	100
0x104006	0	1	0	100
0x108001	0	1	0	100
0x108002	0	1	0	100
0x108003	0	1	0	100
0x108004	0	1	0	100
0x108005	0	1	0	100
0x10a001	0	1	0	100
0x10a002	0	1	0	100
0x10a003	0	1	0	100
0x10a004	0	1	0	100
0x10a005	0	1	0	100
0x10a006	0	1	0	100
0x10a007	0	1	0	100
0x10a008	0	1	0	100
0x10a009	0	1	0	100
0x10a00a	0	1	0	100
0x10a00b	0	1	0	100
0x10a00c	0	1	0	100
0x10a00d	0	1	0	100
0x10a00e	0	1	0	100
0x10a00f	0	1	0	100
0x10f001	0	1	0	100
0x10f002	0	1	0	100
0x10f003	0	1	0	100
0x10f004	0	1	0	100
0x10f005	0	1	0	100
0x10f006	0	1	0	100
0x10f007	0	1	0	100
0x10f008	0	1	0	100
0x10f009	0	1	0	100
0x10f00a	0	1	0	100
0x10f00b	0	1	0	100
0x140001	0	1	0	100
0x141001	0	1	0	100
0x142001	0	1	0	100
0x142003	0	1	0	100
0x142004	0	1	0	100
0x143001	0	1	0	100
0x143002	0	1	0	100
0x143003	0	1	0	100
0x143004	0	1	0	100
0x143005	0	1	0	100
0x143006	0	1	0	100
0x143007	0	1	0	100
0x143008	0	1	0	100
0x143009	0	1	0	100
0x14300a	0	1	0	100
0x14300b	0	1	0	100
0x14300c	0	1	0	100
0x14300d	0	1	0	100
0x14300e	0	1	0	100
0x14300f	0	1	0	100
0x143010	0	1	0	100
0x143011	0	1	0	100
0x143012	0	1	0	100
0x143013	0	1	0	100
0x143014	0	1	0	100
0x143015	0	1	0	100
0x143016	0	1	0	100
0x143017	0	1	0	100
0x143018	0	1	0	100
0x143019	0	1	0	100
0x14301a	0	1	0	100
0x14301b	0	1	0	100
0x14301c	0	1	0	100
0x14301d	0	1	0	100
0x144001	0	1	0	100
0x14f001	0	1	0	100
0x152001	7000	1	7	100
0x152002	2000	1	2	100
0x152003	3000	1	3	100
0x152004	7000	1	7	100
0x152005	3000	1	3	100
0x152006	3000	1	3	100
0x152007	5000	1	5	100
0x152008	4000	1	4	100
0x152009	5000	1	5	100
0x15200a	11000	1	11	100
0x15200b	6000	1	6	100
0x15200c	3000	1	3	100
0x15200d	0	1	0	100
0x15200e	12000	1	12	100
0x15200f	3000	1	3	100
0x152010	7000	1	7	100
0x152012	14000	1	14	100
0x152013	1000	1	1	100
0x152014	1000	1	1	100
0x153001	0	1	0	100
0x153002	3000	1	3	100
0x153003	1000	1	1	100
0x153004	2000	1	2	100
0x153005	52000	1	52	100
0x153006	3000	1	3	100
0x153009	0	1	0	100
0x15300a	0	1	0	100
0x15300b	0	1	0	100
0x15300d	0	1	0	100
0x154001	0	1	0	100
0x154002	0	1	0	100
0x154003	0	1	0	100
0x154004	0	1	0	100
0x158001	0	1	0	100
0x15a001	0	1	0	100
0x15a002	0	1	0	100
0x15a003	0	1	0	100
0x15f001	0	1	0	100
0x15f003	0	1	0	100
0x15f004	0	1	0	100
0x15f005	0	1	0	100
0x15f006	0	1	0	100
0x15f007	0	1	0	100
0x15f008	0	1	0	100
0x15f009	0	1	0	100
0x15f00a	0	1	0	100
0x15f00b	0	1	0	100
0x15f00c	0	1	0	100
0x15f00d	0	1	0	100
0x15f00e	0	1	0	100
0x15f00f	0	1	0	100
0x160001	0	1	0	100
0x162001	3000	1	3	100
0x162002	3000	1	3	100
0x162003	0	1	0	100
0x162004	6000	1	6	100
0x162005	0	1	0	100
0x162007	0	1	0	100
0x162008	1000	1	1	100
0x162009	1000	1	1	100
0x16200a	0	1	0	100
0x163001	40000	1	40	100
0x163002	27000	1	27	100
0x163003	37000	1	37	100
0x163004	1000	1	1	100
0x163005	0	1	0	100
0x164001	1000	1	1	100
0x16f001	0	1	0	100
0x172001	8000	1	8	100
0x172002	3000	1	3	100
0x172003	10000	1	10	100
0x173001	43000	1	43	100
0x174001	0	1	0	100
0x178001	0	1	0	100
0x17a001	0	1	0	100
0x17a002	0	1	0	100
0x17a003	0	1	0	100
0x17f001	0	1	0	100
0x181001	0	1	0	100
0x182001	4000	1	4	100
0x184001	3000	1	3	100
0x184002	11000	1	11	100
0x184003	0	1	0	100
0x18a002	0	1	0	100
0x18a003	0	1	0	100
0x18a004	0	1	0	100
0x18a006	0	1	0	100
0x18a007	0	1	0	100
0x18a008	0	1	0	100
0x18f001	0	1	0	100
0x192001	12000	1	12	100
0x192002	12000	1	12	100
0x192003	12000	1	12	100
0x192004	12000	1	12	100
0x192005	12000	1	12	100
0x192006	3000	1	3	100
0x192007	12000	1	12	100
0x192008	89000	1	89	100
0x192009	124000	1	124	100
0x19200a	96000	1	96	100
0x193001	0	1	0	100
0x193002	101000	1	101	100
0x193003	13000	1	13	100
0x193004	3000	1	3	100
0x193005	0	1	0	100
0x193006	0	1	0	100
0x194001	15000	1	15	100
0x194002	0	1	0	100
0x194003	0	1	0	100
0x194004	0	1	0	100
0x194005	36000	1	36	100
0x194006	10000	1	10	100
0x194007	0	1	0	100
0x194008	0	1	0	100
0x194009	0	1	0	100
0x19400a	6000	1	6	100
0x198001	0	1	0	100
0x19a001	0	1	0	100
0x19a002	0	1	0	100
0x19f001	0	1	0	100
0x1a0000	0	1	0	100
0x1a0001	0	1	0	100
0x1a0002	0	1	0	100
0x1a1001	0	1	0	100
0x1a1002	0	1	0	100
0x1a1003	0	1	0	100
0x1a2002	0	1	0	100
0x1a2007	1000	1	1	100
0x1a2008	0	1	0	100
0x1a2009	1000	1	1	100
0x1a200a	0	1	0	100
0x1a200b	0	1	0	100
0x1a200c	0	1	0	100
0x1a200d	17000	1	17	100
0x1a200e	22000	1	22	100
0x1a200f	0	1	0	100
0x1a2010	0	1	0	100
0x1a3001	1000	1	1	100
0x1a3002	0	1	0	100
0x1a3003	0	1	0	100
0x1a3004	1000	1	1	100
0x1a3005	0	1	0	100
0x1a3006	0	1	0	100
0x1a3007	14000	1	14	100
0x1a4001	0	1	0	100
0x1a4002	0	1	0	100
0x1a4003	0	1	0	100
0x1a4004	0	1	0	100
0x1a4005	0	1	0	100
0x1a4006	4000	1	4	100
0x1a4007	1000	1	1	100
0x1a4008	0	1	0	100
0x1a8001	0	1	0	100
0x1a8002	0	1	0	100
0x1a8003	0	1	0	100
0x1aa001	0	1	0	100
0x1aa002	0	1	0	100
0x1aa004	0	1	0	100
0x1aa005	0	1	0	100
0x1aa006	0	1	0	100
0x1aa007	0	1	0	100
0x1aa008	0	1	0	100
0x1af001	0	1	0	100
0x1af002	0	1	0	100
0x1af003	0	1	0	100
0x1af004	0	1	0	100
0x1b2001	2000	1	2	100
0x1b2003	13000	1	13	100
0x1b2004	2000	1	2	100
0x1b3001	69000	1	69	100
0x1b3002	8000	1	8	100
0x1b3003	0	1	0	100
0x1b3004	7000	1	7	100
0x1b3005	0	1	0	100
0x1b3006	4000	1	4	100
0x1b3007	1000	1	1	100
0x1b3008	0	1	0	100
0x1b3009	0	1	0	100
0x1b4001	2000	1	2	100
0x1b4002	17000	1	17	100
0x1b4003	6000	1	6	100
0x1b4004	1000	1	1	100
0x1b4005	584000	1	584	100
0x1b4006	0	1	0	100
0x1b4007	0	1	0	100
0x1b4008	0	1	0	100
0x1b4009	0	1	0	100
0x1b400a	0	1	0	100
0x1b400b	0	1	0	100
0x1b400c	0	1	0	100
0x1b400d	0	1	0	100
0x1b400e	0	1	0	100
0x1b400f	0	1	0	100
0x1b4010	0	1	0	100
0x1b8001	0	1	0	100
0x1b8002	0	1	0	100
0x1b8003	0	1	0	100
0x1b8004	0	1	0	100
0x1b8005	0	1	0	100
0x1c0001	0	1	0	100
0x1c1001	0	1	0	100
0x1c1002	0	1	0	100
0x1c1003	0	1	0	100
0x1c2001	0	1	0	100
0x1c2002	0	1	0	100
0x1c2003	0	1	0	100
0x1c2004	0	1	0	100
0x1c2005	0	1	0	100
0x1c2006	0	1	0	100
0x1c2007	0	1	0	100
0x1c2008	0	1	0	100
0x1c2009	0	1	0	100
0x1c200a	0	1	0	100
0x1c200b	0	1	0	100
0x1c200c	0	1	0	100
0x1c200d	0	1	0	100
0x1c200e	0	1	0	100
0x1c200f	0	1	0	100
0x1c3001	0	1	0	100
0x1c3002	0	1	0	100
0x1c3004	0	1	0	100
0x1c3005	0	1	0	100
0x1c4001	0	1	0	100
0x1c4002	0	1	0	100
0x1c4003	0	1	0	100
0x1c4004	0	1	0	100
0x1c4005	0	1	0	100
0x1c4006	0	1	0	100
0x1c4007	0	1	0	100
0x1c4008	0	1	0	100
0x1c4009	4000	1	4	100
0x1c400a	2000	1	2	100
0x1c400b	0	1	0	100
0x1c400c	0	1	0	100
0x1c400d	0	1	0	100
0x1c400e	0	1	0	100
0x1c400f	0	1	0	100
0x1c9001	0	1	0	100
0x1c9002	0	1	0	100
0x1cf001	0	1	0	100
0x1cf002	0	1	0	100
0x1cf003	0	1	0	100
0x1cf004	0	1	0	100
0x1cf005	0	1	0	100
0x1cf006	0	1	0	100
0x1cf007	0	1	0	100
0x1cf008	0	1	0	100
0x1cf009	0	1	0	100
0x1cf00a	0	1	0	100
0x1d2001	3000	1	3	100
0x1d2002	1000	1	1	100
0x1d2003	0	1	0	100
0x1d4001	0	1	0	100
0x1da007	0	1	0	100
0x1e2001	2000	1	2	100
0x1e2002	0	1	0	100
0x1e2003	0	1	0	100
0x1f2001	0	1	0	100
0x1f2002	0	1	0	100
0x1f2003	0	1	0	100
0x1f2004	0	1	0	100
0x1f2005	0	1	0	100
0x1f9001	0	1	0	100
0x1fa001	0	1	0	100
0x1ff001	0	1	0	100
0x200001	0	1	0	100
0x200002	0	1	0	100
0x201001	0	1	0	100
0x201002	0	1	0	100
0x201003	0	1	0	100
0x202001	0	1	0	100
0x204001	0	1	0	100
0x204002	0	1	0	100
0x209001	0	1	0	100
0x20f001	0	1	0	100
0x820001	0	1	0	100
0x820020	0	1	0	100
0x820040	0	1	0	100
0x820041	0	1	0	100
0x820042	0	1	0	100
0x820043	0	1	0	100
0x820044	0	1	0	100
0x820045	0	1	0	100
0x820046	0	1	0	100
0x820047	0	1	0	100
0x820080	0	1	0	100
0x820081	0	1	0	100
0x820082	0	1	0	100
0x820083	0	1	0	100
0x8200c0	0	1	0	100
0x8200c1	0	1	0	100
0x8200e0	0	1	0	100
0x820100	0	1	0	100
0x820120	0	1	0	100
0x820140	0	1	0	100
0x820160	0	1	0	100
0x820161	0	1	0	100
0x820162	0	1	0	100
0x820163	0	1	0	100
0x820164	0	1	0	100
0x830001	0	1	0	100
0x830002	0	1	0	100
0x830003	0	1	0	100
0x830004	0	1	0	100
0x830005	0	1	0	100
0x830006	0	1	0	100
0x830007	0	1	0	100
0x830008	0	1	0	100
0x830009	0	1	0	100
0x83000a	0	1	0	100
0x83000b	0	1	0	100
0x83000c	0	1	0	100
0x83000d	0	1	0	100
0x83000e	0	1	0	100
0x83000f	0	1	0	100
0x830010	0	1	0	100
0x830011	0	1	0	100
0x830012	0	1	0	100
0x830013	0	1	0	100
0x830014	0	1	0	100
0x830015	0	1	0	100
0x830016	0	1	0	100
0x830017	0	1	0	100
0x830018	0	1	0	100
0x830019	0	1	0	100
0x83001a	0	1	0	100
0x83001b	0	1	0	100
0x83001c	0	1	0	100
0x83001d	0	1	0	100
0x83001e	0	1	0	100
0x83001f	0	1	0	100
0x830020	0	1	0	100
0x830021	0	1	0	100
0x830022	0	1	0	100
0x830023	0	1	0	100
0x830024	0	1	0	100
0x830025	0	1	0	100
0x830026	0	1	0	100
0x830027	0	1	0	100
0x830028	0	1	0	100
0x900001	0	1	0	100
0x900002	0	1	0	100
0x900003	0	1	0	100
0x900004	0	1	0	100
0x900005	0	1	0	100
0x900006	0	1	0	100
0x900007	0	1	0	100
0x900010	0	1	0	100
0x900011	0	1	0	100
0x900012	0	1	0	100
0x900020	0	1	0	100
0x900021	0	1	0	100
0x900022	0	1	0	100
0x900023	0	1	0	100
0x900030	0	1	0	100
0x900031	0	1	0	100
0x900032	0	1	0	100
0x900033	0	1	0	100
0x900034	0	1	0	100
0x900035	0	1	0	100
0x900036	0	1	0	100
0x900037	0	1	0	100
0x900038	0	1	0	100
0x900039	0	1	0	100
0x90003a	0	1	0	100
0x90003b	0	1	0	100
0x90003c	0	1	0	100
0x90003d	0	1	0	100
0x90003e	0	1	0	100
0x90003f	0	1	0	100
0x900040	0	1	0	100
0x900041	0	1	0	100
0x900042	0	1	0	100
0x900043	0	1	0	100
0x900044	0	1	0	100
0x900045	0	1	0	100
0x900046	0	1	0	100
0x900047	0	1	0	100
0x900048	0	1	0	100
0x910001	0	1	0	100
0x910020	0	1	0	100
0x910021	0	1	0	100
0x910022	0	1	0	100
0x910023	0	1	0	100
0x910024	0	1	0	100
0x910030	0	1	0	100
0x910031	0	1	0	100
0x910032	0	1	0	100
0x910033	0	1	0	100
0x910034	0	1	0	100
0x910040	0	1	0	100
0x910041	0	1	0	100
0x910042	0	1	0	100
0x910043	0	1	0	100
0x910044	0	1	0	100
0x910051	0	1	0	100
0x910052	0	1	0	100
0x910053	0	1	0	100
0x910054	0	1	0	100
0x910055	0	1	0	100
0x910056	0	1	0	100
0x910057	0	1	0	100
0x910058	0	1	0	100
0x910059	0	1	0	100
0x91005f	0	1	0	100
0x910060	0	1	0	100
0x910061	0	1	0	100
0x910062	0	1	0	100
0x910063	0	1	0	100
0x910064	0	1	0	100
0x910065	0	1	0	100
0x910090	0	1	0	100
0x910092	0	1	0	100
0x910093	0	1	0	100
0x910094	0	1	0	100
0x910095	0	1	0	100
0x9100b0	0	1	0	100
0x9100f0	0	1	0	100
0x910110	0	1	0	100
0x910130	0	1	0	100
0x910150	0	1	0	100
0x910151	0	1	0	100
0x910152	1000	1	1	100
0x910153	1000	1	1	100
0x910154	1000	1	1	100
0x910155	1000	1	1	100
0x910156	1000	1	1	100
0x910157	1000	1	1	100
0x910158	1000	1	1	100
0x910159	1000	1	1	100
0x91015a	1000	1	1	100
0x91015b	1000	1	1	100
0x91015c	0	1	0	100
0x91015d	1000	1	1	100
0x91015e	1000	1	1	100
0x91015f	1000	1	1	100
0x910160	1000	1	1	100
0x910161	1000	1	1	100
0x910162	1000	1	1	100
0x910163	1000	1	1	100
0x910164	1000	1	1	100
0x910165	0	1	0	100
0x910166	1000	1	1	100
0x910167	1000	1	1	100
0x910168	5000	1	5	100
0x91016d	1000	1	1	100
0x91016e	1000	1	1	100
0x91016f	1000	1	1	100
0x910170	1000	1	1	100
0x910171	1000	1	1	100
0x910172	1000	1	1	100
0x910173	0	1	0	100
0x910174	1000	1	1	100
0x910175	0	1	0	100
0x910176	0	1	0	100
0x910177	0	1	0	100
0x910178	0	1	0	100
0x910190	0	1	0	100
0x9101b0	0	1	0	100
0x9101b2	0	1	0	100
0x9101b3	0	1	0	100
0x9101b4	3000	1	3	100
0x9101b5	14000	1	14	100
0x9101b6	0	1	0	100
0x9101b7	2000	1	2	100
0x9101b8	0	1	0	100
0x9101b9	0	1	0	100
0x9101ba	5000	1	5	100
0x9101bb	0	1	0	100
0x9101bc	0	1	0	100
0x9101bd	4000	1	4	100
0x9101be	0	1	0	100
0x9101bf	0	1	0	100
0x9101c0	3000	1	3	100
0x9101c1	0	1	0	100
0x9101c2	0	1	0	100
0x9101c3	3000	1	3	100
0x9101c4	23000	1	23	100
0x9101c5	17547000	1	17547	100
0x9101c6	26000	1	26	100
0x9101c7	44000	1	44	100
0x9101c8	17998000	1	17998	100
0x9101c9	32000	1	32	100
0x9101ca	8000	1	8	100
0x9101cb	10158000	1	10158	100
0x9101cc	8000	1	8	100
0x9101cd	300000	1	300	100
0x9101ce	0	1	0	100
0x9101cf	18000	1	18	100
0x9101d0	0	1	0	100
0x9101d1	0	1	0	100
0x9101d2	0	1	0	100
0x9101d3	25000	1	25	100
0x9101d4	0	1	0	100
0x9101d5	0	1	0	100
0x9101d7	16000	1	16	100
0x9101d8	0	1	0	100
0x9101d9	5000	1	5	100
0x9101da	0	1	0	100
0x9101db	0	1	0	100
0x9101dc	0	1	0	100
0x9101de	0	1	0	100
0x9101e0	0	1	0	100
0x9101e2	0	1	0	100
0x9101e3	0	1	0	100
0x9101e4	4000	1	4	100
0x9101e5	0	1	0	100
0x9101e6	0	1	0	100
0x9101e7	2000	1	2	100
0x9101e8	0	1	0	100
0x9101e9	0	1	0	100
0x9101ea	4000	1	4	100
0x9101eb	0	1	0	100
0x9101ec	0	1	0	100
0x9101ed	5000	1	5	100
0x9101ee	0	1	0	100
0x9101ef	0	1	0	100
0x9101f0	3000	1	3	100
0x9101f1	0	1	0	100
0x9101f2	0	1	0	100
0x9101f3	3000	1	3	100
0x9101f4	12000	1	12	100
0x9101f5	15147000	1	15147	100
0x9101f6	34000	1	34	100
0x9101f7	13744000	1	13744	100
0x9101f8	38000	1	38	100
0x9101f9	17653000	1	17653	100
0x9101fa	8000	1	8	100
0x9101fb	21000	1	21	100
0x9101fc	17863000	1	17863	100
0x9101fd	19000	1	19	100
0x9101fe	3000	1	3	100
0x9101ff	600000	1	600	100
0x910200	0	1	0	100
0x910201	17000	1	17	100
0x910202	0	1	0	100
0x910203	39000	1	39	100
0x910204	0	1	0	100
0x910205	0	1	0	100
0x910206	11000	1	11	100
0x910207	0	1	0	100
0x910208	0	1	0	100
0x910209	0	1	0	100
0x91020b	0	1	0	100
0x91020c	0	1	0	100
0x91020d	0	1	0	100
0x91020e	0	1	0	100
0x91020f	0	1	0	100
0x910210	0	1	0	100
0x910212	0	1	0	100
0x910213	0	1	0	100
0x910214	6000	1	6	100
0x910215	0	1	0	100
0x910216	0	1	0	100
0x910217	3000	1	3	100
0x910218	0	1	0	100
0x910219	0	1	0	100
0x91021a	4000	1	4	100
0x91021b	0	1	0	100
0x91021c	0	1	0	100
0x91021d	4000	1	4	100
0x91021e	0	1	0	100
0x91021f	0	1	0	100
0x910220	3000	1	3	100
0x910221	0	1	0	100
0x910222	0	1	0	100
0x910223	13000	1	13	100
0x910225	15000	1	15	100
0x910227	0	1	0	100
0x910229	3000	1	3	100
0x91022b	20000	1	20	100
0x91022c	0	1	0	100
0x910240	0	1	0	100
0x910241	1000	1	1	100
0x910242	0	1	0	100
0x910243	0	1	0	100
0x910244	0	1	0	100
0x910246	0	1	0	100
0x910247	5000	1	5	100
0x910248	0	1	0	100
0x910249	3000	1	3	100
0x91024a	0	1	0	100
0x91024b	4000	1	4	100
0x91024c	0	1	0	100
0x91024d	4000	1	4	100
0x91024e	0	1	0	100
0x91024f	3000	1	3	100
0x910250	0	1	0	100
0x910251	0	1	0	100
0x910252	3000	1	3	100
0x910253	0	1	0	100
0x910254	0	1	0	100
0x910255	0	1	0	100
0x910256	0	1	0	100
0x910257	0	1	0	100
0x910258	0	1	0	100
0x910259	0	1	0	100
0x91025d	0	1	0	100
0x910262	0	1	0	100
0x910267	0	1	0	100
0x910268	0	1	0	100
0x91026a	0	1	0	100
0x91026c	23000	1	23	100
0x910270	0	1	0	100
0x910271	0	1	0	100
0x910272	0	1	0	100
0x910273	0	1	0	100
0x910274	0	1	0	100
0x910275	0	1	0	100
0x910276	0	1	0	100
0x910277	0	1	0	100
0x910278	0	1	0	100
0x910279	0	1	0	100
0x91027a	0	1	0	100
0x910290	0	1	0	100
0x910291	0	1	0	100
0x910292	0	1	0	100
0x910293	0	1	0	100
0x910294	1000	1	1	100
0x910295	0	1	0	100
0x910296	0	1	0	100
0x910297	0	1	0	100
0x910298	0	1	0	100
0x910299	0	1	0	100
0x91029a	0	1	0	100
0x91029b	0	1	0	100
0x91029c	0	1	0	100
0x91029d	0	1	0	100
0x9102c0	0	1	0	100
0x9102c1	0	1	0	100
0x9102c2	0	1	0	100
0x9102c3	0	1	0	100
0x9102c4	0	1	0	100
0x9102c5	155000	1	155	100
0x9102c6	0	1	0	100
0x9102c7	11000	1	11	100
0x9102c8	0	1	0	100
0x9102c9	6000	1	6	100
0x9102ca	5000	1	5	100
0x9102cb	2000	1	2	100
0x9102cc	0	1	0	100
0x9102e0	0	1	0	100
0x9102e1	0	1	0	100
0x9102e2	0	1	0	100
0x9102e3	0	1	0	100
0x9102e4	0	1	0	100
0x9102e5	0	1	0	100
0x9102e6	157000	1	157	100
0x9102e7	0	1	0	100
0x9102e8	25000	1	25	100
0x9102e9	0	1	0	100
0x9102ea	2000	1	2	100
0x9102eb	0	1	0	100
0x9102ec	12000	1	12	100
0x9102ed	11000	1	11	100
0x9102ee	0	1	0	100
0x9102ef	7000	1	7	100
0x9102f0	0	1	0	100
0x9102f1	0	1	0	100
0x910300	0	1	0	100
0x910301	55000	1	55	100
0x910302	0	1	0	100
0x910303	33000	1	33	100
0x910304	0	1	0	100
0x910305	7000	1	7	100
0x910306	0	1	0	100
0x910307	12000	1	12	100
0x910308	0	1	0	100
0x910309	15000	1	15	100
0x91030a	9000	1	9	100
0x91030b	0	1	0	100
0x91030c	12000	1	12	100
0x910320	0	1	0	100
0x910321	0	1	0	100
0x910322	33000	1	33	100
0x910323	147000	1	147	100
0x910324	0	1	0	100
0x910325	18000	1	18	100
0x910326	0	1	0	100
0x910327	43000	1	43	100
0x910328	0	1	0	100
0x910329	6000	1	6	100
0x91032a	0	1	0	100
0x91032b	2000	1	2	100
0x91032c	0	1	0	100
0x91032d	0	1	0	100
0x91032e	9000	1	9	100
0x91032f	0	1	0	100
0x910330	6000	1	6	100
0x910331	0	1	0	100
0x910332	1000	1	1	100
0x910333	0	1	0	100
0x910334	0	1	0	100
0x910335	0	1	0	100
0x910336	0	1	0	100
0x910337	0	1	0	100
0x910338	0	1	0	100
0x910340	0	1	0	100
0x910341	0	1	0	100
0x910342	0	1	0	100
0x910343	0	1	0	100
0x910344	0	1	0	100
0x910345	0	1	0	100
0x910346	0	1	0	100
0x910347	0	1	0	100
0x910348	0	1	0	100
0x910349	0	1	0	100
0x91034a	0	1	0	100
0x91034b	0	1	0	100
0x91034c	0	1	0	100
0x91034d	0	1	0	100
0x91034e	0	1	0	100
0x91034f	0	1	0	100
0x910350	0	1	0	100
0x910351	0	1	0	100
0x910352	0	1	0	100
0x910360	0	1	0	100
0x910361	0	1	0	100
0x910362	0	1	0	100
0x910363	0	1	0	100
0x910364	0	1	0	100
0x910366	0	1	0	100
0x910367	0	1	0	100
0x910368	0	1	0	100
0x910369	0	1	0	100
0x91036a	0	1	0	100
0x91036b	0	1	0	100
0x91036c	0	1	0	100
0x91036d	0	1	0	100
0x91036e	0	1	0	100
0x91036f	0	1	0	100
0x910370	0	1	0	100
0x910380	0	1	0	100
0x910381	0	1	0	100
0x910382	0	1	0	100
0x910383	0	1	0	100
0x910384	0	1	0	100
0x910385	0	1	0	100
0x910386	0	1	0	100
0x910387	0	1	0	100
0x910388	0	1	0	100
0x910389	0	1	0	100
0x91038a	0	1	0	100
0x9103a0	0	1	0	100
0x9103a1	0	1	0	100
0x9103a2	0	1	0	100
0x9103a3	0	1	0	100
0x9103a4	0	1	0	100
0x9103a5	0	1	0	100
0x9103a6	0	1	0	100
0x9103a7	0	1	0	100
0x9103a8	0	1	0	100
0x9103a9	0	1	0	100
0x9103c0	0	1	0	100
0x9103c1	0	1	0	100
0x9103c2	0	1	0	100
0x9103c3	0	1	0	100
0x9103c4	0	1	0	100
0x9103c5	0	1	0	100
0x9103c6	0	1	0	100
0x9103c7	0	1	0	100
0x9103c8	0	1	0	100
0x9103c9	0	1	0	100
0x9103ca	0	1	0	100
0x9103cb	0	1	0	100
0x9103e0	0	1	0	100
0x9103e1	0	1	0	100
0x9103e2	0	1	0	100
0x910420	0	1	0	100
0x910421	4000	1	4	100
0x910422	0	1	0	100
0x910423	60000	1	60	100
0x910424	0	1	0	100
0x910425	6811000	1	6811	100
0x910426	14000	1	14	100
0x910427	4000	1	4	100
0x910428	341000	1	341	100
0x910429	0	1	0	100
0x91042a	0	1	0	100
0x91042b	0	1	0	100
0x91042c	0	1	0	100
0x91042f	8000	1	8	100
0x910430	0	1	0	100
0x910432	0	1	0	100
0x910433	0	1	0	100
0x910434	0	1	0	100
0x910435	0	1	0	100
0x910436	0	1	0	100
0x910437	0	1	0	100
0x910438	1000	1	1	100
0x910439	57000	1	57	100
0x91043a	63000	1	63	100
0x91043b	0	1	0	100
0x91043c	0	1	0	100
0x91043d	0	1	0	100
0x91043e	0	1	0	100
0x910451	1000	1	1	100
0x910452	1000	1	1	100
0x910453	1000	1	1	100
0x910454	1000	1	1	100
0x910455	1000	1	1	100
0x910456	1000	1	1	100
0x910457	1000	1	1	100
0x910458	1000	1	1	100
0x910459	0	1	0	100
0x910480	2000	1	2	100
0x910481	0	1	0	100
0x910483	0	1	0	100
0x9104a0	1000	1	1	100
0x9104a1	0	1	0	100
0x9104a2	0	1	0	100
0x9104a3	0	1	0	100
0x9104a4	1000	1	1	100
0x9104c0	1000	1	1	100
0x9104c1	0	1	0	100
0x9104c2	0	1	0	100
0x9104e0	0	1	0	100
0x9104e1	0	1	0	100
0x9104e2	0	1	0	100
0x9104f0	0	1	0	100
0x910500	0	1	0	100
0x910501	0	1	0	100
0x910502	0	1	0	100
0x910503	0	1	0	100
0x8010000	5000	1	5	100
0x8010001	8000	1	8	100
0x8010002	20000	1	20	100
0x8010003	12000	1	12	100
0x8010004	0	1	0	100
0x8010040	2000	1	2	100
0x8010041	6000	1	6	100
0x8010042	28000	1	28	100
0x8010043	9000	1	9	100
0x8010044	275000	1	275	100
0x8010045	0	1	0	100
0x8010046	0	1	0	100
0x8010047	0	1	0	100
0x8010080	17000	1	17	100
0x8010081	1000	1	1	100
0x8010082	70000	1	70	100
0x8010083	19000	1	19	100
0x8010084	1000	1	1	100
0x8010085	0	1	0	100
0x8010086	0	1	0	100
0x8010087	0	1	0	100
0x8010088	0	1	0	100
0x80100c0	5000	1	5	100
0x80100c1	8000	1	8	100
0x8010100	2000	1	2	100
0x8010101	2000	1	2	100
0x8010140	0	1	0	100
0x8010141	0	1	0	100
0x8010142	0	1	0	100
0x8010143	0	1	0	100
0x8010144	0	1	0	100
0x8010145	0	1	0	100
0x8010146	0	1	0	100
0x8010147	0	1	0	100
0x8010148	0	1	0	100
0x8020000	7000	1	7	100
0x8020001	19000	1	19	100
0x8020040	0	1	0	100
0x8020041	0	1	0	100
0x8020042	0	1	0	100
0x8020043	0	1	0	100
0x8020044	0	1	0	100
0x8020045	1000	1	1	100
0x8020046	0	1	0	100
0x8020047	0	1	0	100
0x8020048	0	1	0	100
0x8020049	0	1	0	100
0x802004a	0	1	0	100
0x802004b	0	1	0	100
0x802004c	0	1	0	100
0x802004d	0	1	0	100
0x802004e	1000	1	1	100
0x802004f	0	1	0	100
0x8020050	0	1	0	100
0x8020080	3000	1	3	100
0x8020081	7000	1	7	100
0x8020082	3000	1	3	100
0x8020083	1000	1	1	100
0x8020084	0	1	0	100
0x80200c0	18000	1	18	100
0x80200c1	64000	1	64	100
0x80200c3	19000	1	19	100
0x80200c4	68000	1	68	100
0x80200c5	23000	1	23	100
0x80200c6	17000	1	17	100
0x80200c7	0	1	0	100
0x80200c8	0	1	0	100
0x80200c9	0	1	0	100
0x80200ca	3000	1	3	100
0x80200cb	0	1	0	100
0x80200cc	3000	1	3	100
0x8020100	1000	1	1	100
0x8020101	2000	1	2	100
0x8020102	0	1	0	100
0x8020107	0	1	0	100
0x8020108	0	1	0	100
0x8020109	0	1	0	100
0x8020140	0	1	0	100
0x8020141	5000	1	5	100
0x8020142	4000	1	4	100
0x8020143	158000	1	158	100
0x8020144	8000	1	8	100
0x8020145	6000	1	6	100
0x8020146	5000	1	5	100
0x8020147	0	1	0	100
0x8020148	3000	1	3	100
0x8020149	1000	1	1	100
0x802014a	1000	1	1	100
0x802014b	3000	1	3	100
0x802014c	7000	1	7	100
0x802014d	0	1	0	100
0x802014e	0	1	0	100
0x802014f	407000	1	407	100
0x8030000	9000	1	9	100
0x8030001	4000	1	4	100
0x8030002	2000	1	2	100
0x8030003	2000	1	2	100
0x8030004	32000	1	32	100
0x8030005	42000	1	42	100
0x8030006	30000	1	30	100
0x8030007	32000	1	32	100
0x8030008	7000	1	7	100
0x8030009	0	1	0	100
0x803000a	0	1	0	100
0x803000b	0	1	0	100
0x803000c	0	1	0	100
0x803000d	0	1	0	100
0x803000e	0	1	0	100
0x8030040	2000	1	2	100
0x8030041	7000	1	7	100
0x8030042	4000	1	4	100
0x8030043	6000	1	6	100
0x8030044	7000	1	7	100
0x8030045	57000	1	57	100
0x8030046	9000	1	9	100
0x8030047	27000	1	27	100
0x8030048	0	1	0	100
0x8030049	0	1	0	100
0x8030080	8000	1	8	100
0x8030081	6000	1	6	100
0x8030082	40000	1	40	100
0x8030083	16000	1	16	100
0x8030084	0	1	0	100
0x8030085	0	1	0	100
0x80300c0	4000	1	4	100
0x80300c1	2000	1	2	100
0x80300c2	0	1	0	100
0x8030100	2000	1	2	100
0x8030101	5000	1	5	100
0x8030102	0	1	0	100
0x8030140	0	1	0	100
0x8030141	1000	1	1	100
0x8030142	4000	1	4	100
0x8030143	9000	1	9	100
0x8030144	57000	1	57	100
0x8030145	9000	1	9	100
0x8030146	33000	1	33	100
0x8030147	26000	1	26	100
0x8030148	9000	1	9	100
0x8030149	9000	1	9	100
0x803014a	0	1	0	100
0x8040000	5000	1	5	100
0x8040001	7000	1	7	100
0x8040002	6000	1	6	100
0x8040003	21000	1	21	100
0x8040004	54000	1	54	100
0x8040005	7000	1	7	100
0x8040006	2000	1	2	100
0x8040007	0	1	0	100
0x8040008	4000	1	4	100
0x8040009	37000	1	37	100
0x804000a	0	1	0	100
0x804000b	0	1	0	100
0x804000c	0	1	0	100
0x8040040	5000	1	5	100
0x8040041	15000	1	15	100
0x8040042	6000	1	6	100
0x8040043	2000	1	2	100
0x8040044	18000	1	18	100
0x8040045	91000	1	91	100
0x8040046	0	1	0	100
0x8040047	0	1	0	100
0x8040080	2000	1	2	100
0x8040081	0	1	0	100
0x8040082	0	1	0	100
0x8040083	0	1	0	100
0x8040084	0	1	0	100
0x80400c0	4000	1	4	100
0x80400c1	3000	1	3	100
0x80400c2	62000	1	62	100
0x80400c3	3000	1	3	100
0x80400c4	0	1	0	100
0x80400c5	0	1	0	100
0x8040100	37000	1	37	100
0x8040101	381000	1	381	100
0x8040102	0	1	0	100
0x8040103	0	1	0	100
0x8040104	0	1	0	100
0x8040140	1000	1	1	100
0x8040141	1000	1	1	100
0x8040142	0	1	0	100
0x8040143	0	1	0	100
